1000
53 77 48
82 86 16
4 47 5
10 28 72
20 94 40
91 10 23
30 57 67
84 95 42
16 58 42
70 100 38
99 60 89
76 77 73
45 62 57
24 84 57
13 99 9
89 42 1
49 42 78
88 56 9
68 76 65
4 57 29
60 24 94
81 30 41
72 21 28
75 9 23
79 4 33
21 52 78
20 18 1
65 34 26
9 10 84
7 55 85
96 23 25
61 89 91
27 69 53
63 42 23
62 67 78
1 97 39
90 98 72
77 21 90
95 88 7
100 84 72
52 27 39
42 93 80
10 22 55
37 29 63
42 62 90
63 4 15
95 85 81
91 63 31
24 66 29
59 98 12
60 68 69
34 27 91
67 19 16
13 78 5
28 75 45
98 28 93
49 37 81
4 17 11
2 21 41
73 35 23
97 37 34
72 69 8
57 59 38
27 56 28
23 76 96
70 88 73
48 21 33
76 41 73
21 17 22
29 16 45
99 8 69
23 3 100
75 71 84
65 88 97
5 100 52
47 2 34
56 87 92
42 58 87
69 18 21
90 16 86
79 6 30
13 64 55
67 77 35
7 29 86
25 61 69
77 88 1
38 3 52
35 64 17
78 12 41
67 43 20
32 67 10
20 46 63
84 53 47
10 67 92
20 41 6
25 43 2
50 78 61
5 47 66
98 42 24
1 7 59
7 68 97
76 7 28
59 30 79
0 68 90
15 74 4
66 16 67
3 89 85
72 82 11
70 72 24
12 72 83
75 52 73
63 47 47
83 81 21
70 87 37
45 61 96
36 86 34
4 92 13
41 88 72
39 5 38
23 35 44
98 87 25
31 57 62
54 69 77
82 89 7
97 10 91
0 32 79
6 57 10
41 85 26
91 22 82
44 95 98
86 14 22
75 97 39
85 2 99
56 30 6
59 8 29
46 4 73
9 67 98
35 81 8
31 9 91
80 33 25
21 6 39
33 55 85
72 98 89
31 11 66
63 53 74
69 96 28
19 77 96
67 54 42
10 37 85
45 58 33
10 55 4
57 26 71
7 54 41
40 67 34
98 41 60
53 48 96
22 88 73
28 74 83
24 26 19
32 14 83
96 97 9
17 55 29
48 38 28
9 78 90
94 6 97
68 13 87
0 30 70
76 21 60
84 98 25
63 74 95
44 52 32
32 77 66
49 48 55
74 76 22
74 35 91
97 16 13
79 48 76
10 33 56
51 32 31
73 66 59
39 12 84
22 15 99
16 86 46
34 21 80
44 68 69
57 75 37
65 91 93
39 72 57
21 26 87
4 47 1
25 93 2
0 20 21
50 69 97
6 74 32
81 14 29
51 72 5
12 24 3
21 1 14
77 31 9
46 25 23
98 29 77
92 100 81
20 56 46
10 34 81
55 4 97
63 97 5
92 10 71
76 84 67
32 27 27
29 37 5
12 100 82
35 71 80
37 13 100
9 77 77
82 70 56
70 93 6
0 2 42
23 70 19
55 77 36
24 60 67
44 19 7
81 38 43
77 46 25
95 33 26
33 58 9
78 12 26
55 12 25
12 39 71
28 62 38
99 3 95
5 5 86
99 41 62
10 19 4
93 62 100
48 86 21
51 16 83
85 71 33
75 97 59
60 100 78
52 22 97
37 56 98
73 4 82
87 22 56
69 26 21
41 87 80
38 8 35
90 93 62
8 13 21
42 33 100
74 9 58
14 36 81
54 98 4
58 99 46
60 83 20
99 97 98
14 89 2
20 24 95
84 79 77
45 70 62
78 23 25
80 78 67
53 90 67
87 93 35
55 48 15
33 60 68
41 62 75
12 98 95
18 66 28
69 77 100
23 65 87
13 17 1
16 15 64
72 45 65
30 74 67
17 36 76
63 43 23
15 100 82
11 83 30
96 95 29
65 69 32
59 83 100
88 17 98
27 63 72
73 29 39
100 6 31
44 71 96
67 23 25
17 26 74
34 9 32
80 46 30
77 91 2
25 69 7
84 30 23
55 71 46
14 65 87
76 23 47
52 68 11
100 31 11
53 22 1
53 86 23
64 76 28
0 42 24
32 43 54
76 78 55
65 77 35
41 97 68
16 35 59
32 38 20
57 38 52
65 39 45
87 37 94
13 15 75
41 31 52
65 42 19
11 92 53
67 95 83
88 98 52
27 86 68
86 75 33
49 34 10
27 23 13
100 23 20
8 92 17
4 99 34
84 98 55
82 55 91
5 74 9
36 17 39
37 77 96
71 35 27
47 88 38
97 69 86
58 18 38
86 67 92
100 97 2
52 79 8
66 26 38
8 3 76
14 59 83
96 33 27
71 28 11
66 69 9
74 77 38
28 11 21
97 44 64
31 11 98
34 26 6
8 2 87
12 83 57
84 1 80
56 44 57
64 38 29
35 99 22
94 29 61
59 96 91
8 58 1
36 98 30
53 52 65
64 20 30
25 55 35
87 20 40
28 13 37
41 20 71
65 83 43
33 12 86
93 8 68
24 89 95
50 58 100
56 56 52
87 5 14
72 84 72
44 88 41
61 34 14
63 5 13
76 86 17
83 98 82
23 8 13
60 57 42
47 32 85
39 94 64
19 25 7
67 94 53
96 2 72
76 58 19
48 100 7
67 3 26
23 60 91
38 100 15
100 89 96
16 79 40
82 2 69
25 18 17
97 81 53
98 96 13
39 85 37
89 11 13
61 9 64
1 42 57
96 44 13
17 79 13
32 74 85
58 85 42
40 29 19
25 76 48
5 42 25
7 79 5
87 81 48
26 91 40
95 23 15
62 44 84
84 69 3
13 46 10
54 18 72
12 59 63
100 68 14
5 77 17
17 46 54
79 69 11
29 21 13
70 59 36
52 71 59
22 54 16
91 48 60
70 42 40
57 92 78
16 12 2
12 71 89
100 84 31
45 39 23
83 83 38
55 94 1
0 89 69
14 33 90
25 60 20
47 25 9
33 18 17
45 12 15
54 7 5
6 56 93
6 10 20
90 58 66
24 81 77
34 16 89
35 43 32
82 94 57
38 27 52
17 73 94
15 40 98
99 70 86
96 67 6
10 38 38
61 11 30
84 90 42
92 33 47
49 97 30
100 74 54
86 22 44
25 63 58
93 81 97
67 7 97
60 2 68
13 55 55
52 90 42
32 60 75
68 23 60
81 58 33
28 89 30
48 64 69
0 99 43
100 60 84
75 12 4
35 35 60
12 55 55
100 90 10
84 38 75
88 93 40
79 70 92
52 44 12
67 83 21
26 57 61
53 66 72
90 72 20
85 16 71
83 77 15
73 67 79
19 23 85
97 96 54
62 57 13
47 53 21
47 66 68
95 53 33
69 3 81
84 70 75
31 8 81
15 81 62
6 45 79
19 8 1
30 60 84
39 62 100
77 75 53
100 6 94
3 82 67
82 47 30
42 25 39
47 52 75
13 69 20
56 22 38
47 1 94
59 89 41
18 18 95
51 52 94
56 84 29
17 8 18
43 48 99
52 68 7
55 32 37
84 93 54
62 17 11
84 74 99
38 13 28
99 95 91
23 100 5
50 66 61
70 91 100
1 87 21
56 82 23
94 11 37
66 68 37
2 47 93
6 74 68
62 90 75
95 21 59
100 1 1
67 88 33
20 71 63
83 89 31
75 91 13
22 95 30
89 80 24
38 4 1
15 19 12
60 98 27
21 81 30
42 8 52
31 43 35
81 40 43
39 5 87
48 69 67
88 55 34
62 18 5
87 63 16
51 65 58
71 8 8
8 67 44
93 85 66
53 61 85
48 77 79
57 10 21
16 86 48
55 94 47
12 8 16
21 28 21
27 23 72
66 89 30
38 68 94
84 32 46
6 53 79
47 71 80
71 75 25
10 36 76
4 64 60
45 54 78
79 88 11
19 67 40
13 9 61
40 5 31
73 79 96
75 36 52
28 44 77
5 97 10
50 82 26
97 87 65
69 62 92
75 28 25
22 34 52
100 64 45
94 53 82
46 74 16
20 46 39
74 73 98
42 67 14
47 27 41
59 60 85
84 58 56
23 34 79
26 63 84
34 72 75
68 23 92
42 12 84
51 7 31
48 59 23
74 24 4
13 64 42
67 60 99
25 68 86
12 25 45
29 94 95
100 18 7
2 94 46
1 13 64
53 70 66
36 4 21
38 55 3
8 61 41
51 16 84
4 8 40
96 23 79
59 75 48
100 61 33
97 7 12
2 98 62
61 30 32
74 92 31
100 31 47
63 39 40
13 45 52
93 68 55
60 86 100
34 68 35
25 65 34
9 3 8
43 30 26
22 45 39
69 74 98
97 24 78
11 97 8
0 34 29
67 67 62
19 87 86
50 65 61
88 58 41
52 10 20
61 95 87
16 66 92
7 83 47
43 72 63
54 86 32
20 98 70
91 24 30
62 48 83
84 58 8
42 7 15
33 6 28
44 33 42
23 21 97
79 67 41
4 79 33
75 63 74
90 24 63
64 88 26
10 9 17
45 24 7
67 68 52
91 65 22
70 25 2
49 79 11
33 69 55
74 29 63
31 32 20
86 89 75
73 41 26
47 85 3
19 54 59
74 3 72
79 13 6
92 31 9
10 5 43
93 73 82
51 26 61
36 61 83
59 78 24
20 14 88
14 10 10
29 25 59
3 19 75
7 21 17
96 55 72
81 45 30
74 13 7
33 29 79
19 38 41
91 2 12
97 48 53
99 10 38
8 34 45
36 42 44
66 17 16
23 7 57
2 20 12
24 100 35
67 60 11
24 29 11
79 29 41
53 100 79
87 66 72
66 22 24
38 6 39
58 86 97
1 95 53
93 62 88
97 18 34
50 22 86
88 17 100
2 9 3
44 4 23
43 44 59
56 80 4
27 5 38
69 25 52
75 69 6
61 85 22
37 59 59
82 79 96
83 25 47
89 86 90
15 72 4
100 35 40
67 14 93
62 46 8
26 20 90
3 98 22
1 12 64
32 96 39
82 77 39
22 21 46
24 1 68
47 8 15
46 60 87
57 58 89
18 28 91
3 31 48
44 52 32
76 27 10
81 64 70
100 26 16
18 69 54
4 42 74
90 14 81
3 66 73
37 62 67
80 80 99
36 41 40
95 92 84
13 42 34
92 80 87
93 6 84
65 77 89
96 46 9
14 60 30
33 24 78
66 43 12
34 85 73
27 39 58
37 43 86
25 17 18
30 61 23
44 62 13
72 73 82
75 31 59
34 92 69
73 5 80
9 76 39
4 87 25
51 34 61
22 2 57
91 59 33
11 69 57
9 72 95
98 57 37
38 73 58
75 37 68
32 46 61
94 73 33
81 8 37
90 69 60
59 30 95
87 37 39
1 69 27
32 98 7
83 12 56
8 61 3
16 93 89
48 62 3
49 78 52
26 2 42
52 39 2
44 31 91
79 87 63
30 86 56
55 80 45
86 33 83
49 11 58
27 97 67
21 66 14
75 53 41
77 89 75
30 17 52
63 93 100
42 63 85
77 18 99
36 64 15
91 83 54
94 62 11
51 66 33
43 97 35
73 60 73
8 100 13
7 34 65
19 71 93
31 83 25
86 15 32
0 44 99
79 40 83
45 83 96
85 33 65
23 66 83
56 6 32
83 15 78
46 83 61
28 2 36
16 81 80
20 73 83
82 87 30
64 16 62
60 29 94
98 31 67
13 63 44
78 28 15
15 29 66
16 88 96
1 81 66
84 48 1
39 42 75
40 87 59
78 92 39
23 7 3
17 53 33
1 55 20
70 35 42
19 13 36
68 63 40
2 42 20
20 46 23
84 63 8
3 38 18
87 15 84
87 28 17
8 7 32
23 89 93
10 87 38
4 11 83
31 10 68
59 72 79
43 24 79
13 62 100
52 91 16
0 10 42
79 26 26
11 99 92
17 2 33
73 100 14
94 41 86
60 34 72
41 85 37
73 32 97
98 55 70
8 88 1
34 98 65
15 81 30
87 57 12
43 89 76
80 53 38
54 31 99
4 38 5
56 57 34
39 43 22
88 64 68
86 54 55
72 53 57
96 74 56
89 8 11
64 81 11
37 21 1
40 58 61
50 95 41
93 5 46
90 76 61
43 82 18
22 64 65
99 99 99
47 66 45
86 82 81
65 46 89
10 32 14
42 35 78
35 57 4
32 68 96
61 65 100
81 16 88
62 87 92
84 24 17
28 9 52
31 86 25
0 55 55
23 17 75
55 83 24
4 84 60
66 75 25
97 76 47
53 85 73
17 78 67
53 3 4
50 45 96
98 13 29
81 64 71
33 34 86
95 82 27
22 61 99
84 90 1
29 21 89
81 38 96
85 12 5
43 99 74
89 48 41
91 63 85
74 83 52
41 48 10
28 95 98
21 53 4
15 14 85
54 12 86
4 62 87
36 87 6
79 7 62
1 74 53
47 92 81
17 52 13
28 16 5
11 10 80
38 20 36
75 23 60
70 35 40
77 28 9
66 98 21
68 82 88
59 46 2
5 34 58
11 30 40
52 27 3
16 5 23
66 90 100
14 19 22
99 13 4
4 86 31
28 12 87
35 55 63
2 32 95
6 68 91
61 29 41
36 67 58
91 86 32
90 63 36
36 65 62
48 100 27
87 47 83
2 96 76
94 13 95
70 67 75
90 22 23
91 47 20
15 27 85
42 73 40
28 43 83
31 40 41
31 80 31
43 9 84
94 30 1
73 94 6
73 81 29
81 69 83
79 100 64
49 22 17
13 68 39
70 57 74
39 39 55
28 95 81
79 74 13
13 9 38
8 87 8
78 13 34
